sono una partizione
[[  sono la Section: [0, 0]
 ostart[-2, -2] odim[2, 2]p[[T([0, 0] [-2, -2] f: [0, 0]) T([0, 1] [-2, -1] f: [0, 0])]
 [T([1, 0] [-1, -2] f: [0, 0]) T([1, 1] [-1, -1] f: [0, 0])]]
 sendBuffer[0, 0] Computation Buffer [0, 0] dim[2, 2]p[[F([0, 0] [0, 0] f: [0, 0]) F([0, 1] [0, 1] f: [0, 0])]
 [F([1, 0] [1, 0] f: [0, 0]) F([1, 1] [1, 1] f: [0, 0])]]
   sono la Section: [0, 1]
 ostart[-2, 0] odim[2, 11]p[[T([0, 0] [-2, 0] f: [0, 1]) T([0, 1] [-2, 1] f: [0, 1])
  T([0, 2] [-2, 2] f: [0, 1]) T([0, 3] [-2, 3] f: [0, 1])
  T([0, 4] [-2, 4] f: [0, 1]) T([0, 5] [-2, 5] f: [0, 1])
  T([0, 6] [-2, 6] f: [0, 1]) T([0, 7] [-2, 7] f: [0, 1])
  T([0, 8] [-2, 8] f: [0, 1]) T([0, 9] [-2, 9] f: [0, 1])
  T([0, 10] [-2, 10] f: [0, 1])]
 [T([1, 0] [-1, 0] f: [0, 1]) T([1, 1] [-1, 1] f: [0, 1])
  T([1, 2] [-1, 2] f: [0, 1]) T([1, 3] [-1, 3] f: [0, 1])
  T([1, 4] [-1, 4] f: [0, 1]) T([1, 5] [-1, 5] f: [0, 1])
  T([1, 6] [-1, 6] f: [0, 1]) T([1, 7] [-1, 7] f: [0, 1])
  T([1, 8] [-1, 8] f: [0, 1]) T([1, 9] [-1, 9] f: [0, 1])
  T([1, 10] [-1, 10] f: [0, 1])]]
 sendBuffer[0, 0] Computation Buffer [0, 0] dim[2, 11]p[[F([0, 0] [0, 0] f: [0, 1]) F([0, 1] [0, 1] f: [0, 1])
  F([0, 2] [0, 2] f: [0, 1]) F([0, 3] [0, 3] f: [0, 1])
  F([0, 4] [0, 4] f: [0, 1]) F([0, 5] [0, 5] f: [0, 1])
  F([0, 6] [0, 6] f: [0, 1]) F([0, 7] [0, 7] f: [0, 1])
  F([0, 8] [0, 8] f: [0, 1]) F([0, 9] [0, 9] f: [0, 1])
  F([0, 10] [0, 10] f: [0, 1])]
 [F([1, 0] [1, 0] f: [0, 1]) F([1, 1] [1, 1] f: [0, 1])
  F([1, 2] [1, 2] f: [0, 1]) F([1, 3] [1, 3] f: [0, 1])
  F([1, 4] [1, 4] f: [0, 1]) F([1, 5] [1, 5] f: [0, 1])
  F([1, 6] [1, 6] f: [0, 1]) F([1, 7] [1, 7] f: [0, 1])
  F([1, 8] [1, 8] f: [0, 1]) F([1, 9] [1, 9] f: [0, 1])
  F([1, 10] [1, 10] f: [0, 1])]]
   sono la Section: [0, 2]
 ostart[-2, 12] odim[2, 2]p[[T([0, 0] [-2, 11] f: [0, 2]) T([0, 1] [-2, 12] f: [0, 2])]
 [T([1, 0] [-1, 11] f: [0, 2]) T([1, 1] [-1, 12] f: [0, 2])]]
 sendBuffer[0, 10] Computation Buffer [0, 10] dim[2, 2]p[[F([0, 0] [0, 9] f: [0, 2]) F([0, 1] [0, 10] f: [0, 2])]
 [F([1, 0] [1, 9] f: [0, 2]) F([1, 1] [1, 10] f: [0, 2])]]]
 [  sono la Section: [1, 0]
 ostart[0, -2] odim[11, 2]p[[T([0, 0] [0, -2] f: [1, 0]) T([0, 1] [0, -1] f: [1, 0])]
 [T([1, 0] [1, -2] f: [1, 0]) T([1, 1] [1, -1] f: [1, 0])]
 [T([2, 0] [2, -2] f: [1, 0]) T([2, 1] [2, -1] f: [1, 0])]
 [T([3, 0] [3, -2] f: [1, 0]) T([3, 1] [3, -1] f: [1, 0])]
 [T([4, 0] [4, -2] f: [1, 0]) T([4, 1] [4, -1] f: [1, 0])]
 [T([5, 0] [5, -2] f: [1, 0]) T([5, 1] [5, -1] f: [1, 0])]
 [T([6, 0] [6, -2] f: [1, 0]) T([6, 1] [6, -1] f: [1, 0])]
 [T([7, 0] [7, -2] f: [1, 0]) T([7, 1] [7, -1] f: [1, 0])]
 [T([8, 0] [8, -2] f: [1, 0]) T([8, 1] [8, -1] f: [1, 0])]
 [T([9, 0] [9, -2] f: [1, 0]) T([9, 1] [9, -1] f: [1, 0])]
 [T([10, 0] [10, -2] f: [1, 0]) T([10, 1] [10, -1] f: [1, 0])]]
 sendBuffer[0, 0] Computation Buffer [0, 0] dim[11, 2]p[[F([0, 0] [0, 0] f: [1, 0]) F([0, 1] [0, 1] f: [1, 0])]
 [F([1, 0] [1, 0] f: [1, 0]) F([1, 1] [1, 1] f: [1, 0])]
 [F([2, 0] [2, 0] f: [1, 0]) F([2, 1] [2, 1] f: [1, 0])]
 [F([3, 0] [3, 0] f: [1, 0]) F([3, 1] [3, 1] f: [1, 0])]
 [F([4, 0] [4, 0] f: [1, 0]) F([4, 1] [4, 1] f: [1, 0])]
 [F([5, 0] [5, 0] f: [1, 0]) F([5, 1] [5, 1] f: [1, 0])]
 [F([6, 0] [6, 0] f: [1, 0]) F([6, 1] [6, 1] f: [1, 0])]
 [F([7, 0] [7, 0] f: [1, 0]) F([7, 1] [7, 1] f: [1, 0])]
 [F([8, 0] [8, 0] f: [1, 0]) F([8, 1] [8, 1] f: [1, 0])]
 [F([9, 0] [9, 0] f: [1, 0]) F([9, 1] [9, 1] f: [1, 0])]
 [F([10, 0] [10, 0] f: [1, 0]) F([10, 1] [10, 1] f: [1, 0])]]
   sono la Section: [1, 1]
 ostart[0, 0] odim[11, 11]p[None]
 sendBuffer[2, 2] Computation Buffer [2, 2] dim[7, 7]p[[F([0, 0] [2, 2] f: [1, 1]) F([0, 1] [2, 3] f: [1, 1])
  F([0, 2] [2, 4] f: [1, 1]) F([0, 3] [2, 5] f: [1, 1])
  F([0, 4] [2, 6] f: [1, 1]) F([0, 5] [2, 7] f: [1, 1])
  F([0, 6] [2, 8] f: [1, 1])]
 [F([1, 0] [3, 2] f: [1, 1]) F([1, 1] [3, 3] f: [1, 1])
  F([1, 2] [3, 4] f: [1, 1]) F([1, 3] [3, 5] f: [1, 1])
  F([1, 4] [3, 6] f: [1, 1]) F([1, 5] [3, 7] f: [1, 1])
  F([1, 6] [3, 8] f: [1, 1])]
 [F([2, 0] [4, 2] f: [1, 1]) F([2, 1] [4, 3] f: [1, 1])
  F([2, 2] [4, 4] f: [1, 1]) F([2, 3] [4, 5] f: [1, 1])
  F([2, 4] [4, 6] f: [1, 1]) F([2, 5] [4, 7] f: [1, 1])
  F([2, 6] [4, 8] f: [1, 1])]
 [F([3, 0] [5, 2] f: [1, 1]) F([3, 1] [5, 3] f: [1, 1])
  F([3, 2] [5, 4] f: [1, 1]) F([3, 3] [5, 5] f: [1, 1])
  F([3, 4] [5, 6] f: [1, 1]) F([3, 5] [5, 7] f: [1, 1])
  F([3, 6] [5, 8] f: [1, 1])]
 [F([4, 0] [6, 2] f: [1, 1]) F([4, 1] [6, 3] f: [1, 1])
  F([4, 2] [6, 4] f: [1, 1]) F([4, 3] [6, 5] f: [1, 1])
  F([4, 4] [6, 6] f: [1, 1]) F([4, 5] [6, 7] f: [1, 1])
  F([4, 6] [6, 8] f: [1, 1])]
 [F([5, 0] [7, 2] f: [1, 1]) F([5, 1] [7, 3] f: [1, 1])
  F([5, 2] [7, 4] f: [1, 1]) F([5, 3] [7, 5] f: [1, 1])
  F([5, 4] [7, 6] f: [1, 1]) F([5, 5] [7, 7] f: [1, 1])
  F([5, 6] [7, 8] f: [1, 1])]
 [F([6, 0] [8, 2] f: [1, 1]) F([6, 1] [8, 3] f: [1, 1])
  F([6, 2] [8, 4] f: [1, 1]) F([6, 3] [8, 5] f: [1, 1])
  F([6, 4] [8, 6] f: [1, 1]) F([6, 5] [8, 7] f: [1, 1])
  F([6, 6] [8, 8] f: [1, 1])]]
   sono la Section: [1, 2]
 ostart[0, 12] odim[11, 2]p[[T([0, 0] [0, 11] f: [1, 2]) T([0, 1] [0, 12] f: [1, 2])]
 [T([1, 0] [1, 11] f: [1, 2]) T([1, 1] [1, 12] f: [1, 2])]
 [T([2, 0] [2, 11] f: [1, 2]) T([2, 1] [2, 12] f: [1, 2])]
 [T([3, 0] [3, 11] f: [1, 2]) T([3, 1] [3, 12] f: [1, 2])]
 [T([4, 0] [4, 11] f: [1, 2]) T([4, 1] [4, 12] f: [1, 2])]
 [T([5, 0] [5, 11] f: [1, 2]) T([5, 1] [5, 12] f: [1, 2])]
 [T([6, 0] [6, 11] f: [1, 2]) T([6, 1] [6, 12] f: [1, 2])]
 [T([7, 0] [7, 11] f: [1, 2]) T([7, 1] [7, 12] f: [1, 2])]
 [T([8, 0] [8, 11] f: [1, 2]) T([8, 1] [8, 12] f: [1, 2])]
 [T([9, 0] [9, 11] f: [1, 2]) T([9, 1] [9, 12] f: [1, 2])]
 [T([10, 0] [10, 11] f: [1, 2]) T([10, 1] [10, 12] f: [1, 2])]]
 sendBuffer[0, 10] Computation Buffer [0, 10] dim[11, 2]p[[F([0, 0] [0, 9] f: [1, 2]) F([0, 1] [0, 10] f: [1, 2])]
 [F([1, 0] [1, 9] f: [1, 2]) F([1, 1] [1, 10] f: [1, 2])]
 [F([2, 0] [2, 9] f: [1, 2]) F([2, 1] [2, 10] f: [1, 2])]
 [F([3, 0] [3, 9] f: [1, 2]) F([3, 1] [3, 10] f: [1, 2])]
 [F([4, 0] [4, 9] f: [1, 2]) F([4, 1] [4, 10] f: [1, 2])]
 [F([5, 0] [5, 9] f: [1, 2]) F([5, 1] [5, 10] f: [1, 2])]
 [F([6, 0] [6, 9] f: [1, 2]) F([6, 1] [6, 10] f: [1, 2])]
 [F([7, 0] [7, 9] f: [1, 2]) F([7, 1] [7, 10] f: [1, 2])]
 [F([8, 0] [8, 9] f: [1, 2]) F([8, 1] [8, 10] f: [1, 2])]
 [F([9, 0] [9, 9] f: [1, 2]) F([9, 1] [9, 10] f: [1, 2])]
 [F([10, 0] [10, 9] f: [1, 2]) F([10, 1] [10, 10] f: [1, 2])]]]
 [  sono la Section: [2, 0]
 ostart[12, -2] odim[2, 2]p[[T([0, 0] [11, -2] f: [2, 0]) T([0, 1] [11, -1] f: [2, 0])]
 [T([1, 0] [12, -2] f: [2, 0]) T([1, 1] [12, -1] f: [2, 0])]]
 sendBuffer[10, 0] Computation Buffer [10, 0] dim[2, 2]p[[F([0, 0] [9, 0] f: [2, 0]) F([0, 1] [9, 1] f: [2, 0])]
 [F([1, 0] [10, 0] f: [2, 0]) F([1, 1] [10, 1] f: [2, 0])]]
   sono la Section: [2, 1]
 ostart[12, 0] odim[2, 11]p[[T([0, 0] [11, 0] f: [2, 1]) T([0, 1] [11, 1] f: [2, 1])
  T([0, 2] [11, 2] f: [2, 1]) T([0, 3] [11, 3] f: [2, 1])
  T([0, 4] [11, 4] f: [2, 1]) T([0, 5] [11, 5] f: [2, 1])
  T([0, 6] [11, 6] f: [2, 1]) T([0, 7] [11, 7] f: [2, 1])
  T([0, 8] [11, 8] f: [2, 1]) T([0, 9] [11, 9] f: [2, 1])
  T([0, 10] [11, 10] f: [2, 1])]
 [T([1, 0] [12, 0] f: [2, 1]) T([1, 1] [12, 1] f: [2, 1])
  T([1, 2] [12, 2] f: [2, 1]) T([1, 3] [12, 3] f: [2, 1])
  T([1, 4] [12, 4] f: [2, 1]) T([1, 5] [12, 5] f: [2, 1])
  T([1, 6] [12, 6] f: [2, 1]) T([1, 7] [12, 7] f: [2, 1])
  T([1, 8] [12, 8] f: [2, 1]) T([1, 9] [12, 9] f: [2, 1])
  T([1, 10] [12, 10] f: [2, 1])]]
 sendBuffer[10, 0] Computation Buffer [10, 0] dim[2, 11]p[[F([0, 0] [9, 0] f: [2, 1]) F([0, 1] [9, 1] f: [2, 1])
  F([0, 2] [9, 2] f: [2, 1]) F([0, 3] [9, 3] f: [2, 1])
  F([0, 4] [9, 4] f: [2, 1]) F([0, 5] [9, 5] f: [2, 1])
  F([0, 6] [9, 6] f: [2, 1]) F([0, 7] [9, 7] f: [2, 1])
  F([0, 8] [9, 8] f: [2, 1]) F([0, 9] [9, 9] f: [2, 1])
  F([0, 10] [9, 10] f: [2, 1])]
 [F([1, 0] [10, 0] f: [2, 1]) F([1, 1] [10, 1] f: [2, 1])
  F([1, 2] [10, 2] f: [2, 1]) F([1, 3] [10, 3] f: [2, 1])
  F([1, 4] [10, 4] f: [2, 1]) F([1, 5] [10, 5] f: [2, 1])
  F([1, 6] [10, 6] f: [2, 1]) F([1, 7] [10, 7] f: [2, 1])
  F([1, 8] [10, 8] f: [2, 1]) F([1, 9] [10, 9] f: [2, 1])
  F([1, 10] [10, 10] f: [2, 1])]]
   sono la Section: [2, 2]
 ostart[12, 12] odim[2, 2]p[[T([0, 0] [11, 11] f: [2, 2]) T([0, 1] [11, 12] f: [2, 2])]
 [T([1, 0] [12, 11] f: [2, 2]) T([1, 1] [12, 12] f: [2, 2])]]
 sendBuffer[10, 10] Computation Buffer [10, 10] dim[2, 2]p[[F([0, 0] [9, 9] f: [2, 2]) F([0, 1] [9, 10] f: [2, 2])]
 [F([1, 0] [10, 9] f: [2, 2]) F([1, 1] [10, 10] f: [2, 2])]]]]